version https://git-lfs.github.com/spec/v1
oid sha256:97a625c234a2677843402f2ef598960cdd53fea264c8b2cfc706b05128f8e0a8
size 42
