origin,0,1,2,3,4,5,6,7,8,9
EnoughTrumpSpam ,healthcare,license,semi,ban,talk,gun,idea,gun,way,nra
EnoughTrumpSpam ,year,firearm,bill,attack,com,remove,make,people,budget,spend
EnoughTrumpSpam ,fund,rifle,reduce,also,likely,mass_shooting,point,think,help,less
EnoughTrumpSpam ,death,weapon,try,mental,accident,mentally,wrong,know,get,large
EnoughTrumpSpam ,decide,insurance,well,norway,shooting,background_check,comment,use,gun,issue
EnoughTrumpSpam ,suicide,requirement,crime,look,market,number,small,really,com,system
EnoughTrumpSpam ,contribute,bolt,d,trump,school,ill,difference,s,work,margin
EnoughTrumpSpam ,top,storage,cause,state,company,people,set,go,stop,huge
EnoughTrumpSpam ,citizen,training,rare,complete,youtube,fix,action,law,s,donation
EnoughTrumpSpam ,toda,approv,mostl,ge,boo,tak,exactl,vot,republica,importan
