origin,0,1,2,3,4,5,6,7,8,9
CaliforniaForSanders ,s,say,delete,people,solution,get,sander,get,go,vote
CaliforniaForSanders ,get,really,person,campaign,take,vote,people,go,issue,know
CaliforniaForSanders ,work,vote,obstructionist,class,loan,make,get,republican,m,s
CaliforniaForSanders ,go,s,war,candidate,look,actually,free,issue,free,corporate
CaliforniaForSanders ,make,make,agree,run,yada,let,s,think,healthcare,dollar
CaliforniaForSanders ,right,economic,religious,know,problem,bernie,come,pass,think,sander
CaliforniaForSanders ,candidate,growth,candidate,get,interest,work,already,high,see,loan
CaliforniaForSanders ,elect,great,make,make,make,republican,stance,s,prison,take
CaliforniaForSanders ,much,country,get,great,rate,governance,think,sander,need,make
CaliforniaForSanders ,ric,peopl,gu,thin,absolutel,legislatio,suc,righ,fi,r
