origin,0,1,2,3,4,5,6,7,8,9
skeptic ,come,work,owl,vaccine,make,expose,work,owl,owl,vaccine
skeptic ,away,make,work,owl,owl,people,couple,work,make,absolutely
skeptic ,work,essential,essential,make,work,get,month,make,work,measle
skeptic ,lol,vaccine,vaccine,sense,essential,feel,take,essential,essential,want
skeptic ,chase,owl,need,read,think,clinic,well,chase,lol,issue
skeptic ,owl,chase,make,think,week,low,week,vaccine,vaccine,hunting
skeptic ,make,come,chase,essential,well,cost,need,fully,think,anxiety
skeptic ,vaccine,week,lol,parent,lol,health,fully,lol,well,surprised
skeptic ,essential,away,away,kid,away,instead,make,take,fully,necessary
skeptic ,nee,thin,tak,kno,chas,se,ow,awa,nee,mea
